2.933080456273419e-08,1.0000065615469909
3.5979258623228955e-05,0.9955824460904091
5.132570497501359e-05,0.993152439968516
0.00010915630393770748,0.9897625168505135
0.00014335219181610404,0.9894672854631902
0.00015316842142754084,0.9878369219009777
0.00021657595341233182,0.9867348619851273
0.00025456704043461814,0.9865587527888438
0.000324041349121007,0.9827430141425901
0.0003964665862537381,0.9820461064928371
0.0005504956159857848,0.9781084780380194
0.0006077402587516215,0.9768415414506484
0.0006728257926699316,0.9763388173768746
0.000682971547871003,0.974296164098605
0.0006968562822360653,0.9739716630205933
0.000781723797426831,0.9729627875055374
0.0008412810925416125,0.9729543742928346
0.0008940051824171576,0.9703280056828718
0.0009528333363374442,0.9702410367660292
0.0009791227338378783,0.9688982384313942
0.0010832180467490876,0.9686460035539198
0.0011501288141552019,0.9682277901094359
0.0012287916165076157,0.9651831395091144
0.0014003940407513876,0.9639558223576895
0.0015341094200845562,0.962272770433653
0.0015663233667475435,0.9607298715116657
0.0015900226174115906,0.9602924363214324
0.0016495515464426957,0.9595684729955137
0.001711995143567624,0.9590920082379087
0.0017176772760681969,0.9588970867691714
0.001983356025317023,0.9556584063586117
0.002137406565679685,0.9545380156092763
0.002153538960598042,0.9537370281000707
0.0022484715199929395,0.9530453844447712
0.002350405034146623,0.9521955460870477
0.002355999648816609,0.951632404912598
0.0024548771701750627,0.9512005128421691
0.002708352468118125,0.9480738767587614
0.0027302787198966866,0.9480131350788035
0.0030545511959383653,0.9454580131612222
0.0032764636198807096,0.9429842658171359
0.0033497729730733172,0.9423539144011039
0.0034321587843282875,0.941530692699944
0.003524394563145461,0.9407950860538793
0.003547800823500938,0.9407011229404371
0.0037859657976587746,0.9396847339984444
0.003905518916582057,0.9377126679473523
0.003978077480807862,0.9376891342125426
0.004047194795682024,0.9366837841391724
0.0040565559723038935,0.9365097970843664
0.004461359564480738,0.9338317371401329
0.004736375627233447,0.9334487191076369
0.004957969988891087,0.9318715013715547
0.00499835341920335,0.9296824536939143
0.005030072673358671,0.9295959894191912
0.005189093678713563,0.9289456466918232
0.005293576873334309,0.9286199117648547
0.00531525716931211,0.9282215892939166
0.0053552534591576086,0.9271001724028365
0.005459212821482262,0.9262889039827402
0.005612863401848522,0.9260930000347036
0.005825129873200174,0.925650440234707
0.005913194503449348,0.9250002100672747
0.005952998496804626,0.9233978720420851
0.005961094564139124,0.9229352567629394
0.006181997595205158,0.9224388313935336
0.006201331930860587,0.9217003820733685
0.006301787819370741,0.9216906452982343
0.00659513062694006,0.9192037049375437
0.006686008179743618,0.9184348997998508
0.006721688618314181,0.9183257662611225
0.006737923151449353,0.9182520633739214
0.006878037067380716,0.9180143439532429
0.006972389084509478,0.9167594134477559
0.007026950007637686,0.9166502941351776
0.007097061781043301,0.9159194487286637
0.007296735404690113,0.9148354091037092
0.007452465521386287,0.9138959636448288
0.007527065591633492,0.9135791275355558
0.007644724934690428,0.9126854430000402
0.00786283377266249,0.9115613945003089
0.008006324268945916,0.9106533216706593
0.008113424212331716,0.9101664215108887
0.00814991286221084,0.9099679504820664
0.008222324502692113,0.9096437225148919
0.008443071251827083,0.9085340172138484
0.008546572450412557,0.9082505471081768
0.00864956317553107,0.9074536088220424
0.008839007391390805,0.9061641749215348
0.008995821370407109,0.9056765200119583
0.009226560414052537,0.9041408164735085
0.009389931406805219,0.9035015246572912
0.009702735387981672,0.9033989251134374
0.009901989074018236,0.9007090994730914
0.009957749344345596,0.9004736205048827
0.010156269914951221,0.9004426936490091
0.010195614969487565,0.9002412090232926
0.010243206627937873,0.8992893980519985
0.010380992488677354,0.8985721713864471
0.010553348372869475,0.8982139369065157
0.01070642679197488,0.8967321717766359
0.010801896780316844,0.8966857252172437
0.010859161556530952,0.8961600232162131
0.011167548697672558,0.895936261611362
0.011187896902655453,0.8945064518395748
0.011369600087391518,0.8944206554235995
0.01138535605102083,0.894292529858707
0.011750032152042955,0.8939775490273342
0.011776103838856078,0.8917078071842088
0.011816106831530837,0.8915518118214477
0.011975354192246157,0.890820790599789
0.012083451139355057,0.8902095030999714
0.01211184554355288,0.8900913526346129
0.01229699878084306,0.8898511296365164
0.01237967235656351,0.8889701441458598
0.01258368107468702,0.8887139976439049
0.012650137588862208,0.8877517722208725
0.012759319078747444,0.8875447730980086
0.012777343074827106,0.8870873428875338
0.012942177522846807,0.8864485013201507
0.013052925509744018,0.8858902427227989
0.013537076180485219,0.8840351824111132
0.013599546809417995,0.8836562682138585
0.013632211543871064,0.8835757008570013
0.013811670598261532,0.8831786763625369
0.013933128988954185,0.8821873500011311
0.014097218755340146,0.8816178943948647
0.014207600393156494,0.8811441752832343
0.014383458069082866,0.8803259300278093
0.014638134607443018,0.879685038702178
0.014647048858245047,0.8793856819187227
0.014799709560261609,0.878939751762329
0.015033377248112767,0.8775614776616925
0.015134411715890306,0.8771750331310323
0.01527156160328147,0.8768661914272392
0.015352065268705806,0.8762274435177819
0.015807157475692613,0.8761835843763167
0.015990353575236482,0.8747831626412955
0.016126136809160085,0.8738745893240255
0.016585742197354814,0.8729393397870272
0.016590987089794555,0.8720667107551674
0.016741981541026078,0.8707871039399866
0.016904926367882323,0.8701759873735475
0.016953890729787563,0.8699437982126776
0.017249546766502033,0.8689014314580797
0.017516168889391226,0.8678439281578074
0.017604814569515213,0.8675431076471354
0.017681303371693713,0.8674199144590278
0.018038501488445546,0.8661949205588887
0.01827176614552206,0.8650284038421493
0.018437959568353146,0.8645235466700801
0.0184655255729278,0.8644517438332082
0.01865097823906986,0.8636944599959125
0.018791541040145243,0.8632012106871371
0.019063003544918466,0.8623991907924675
0.019110706924245935,0.8620868201616405
0.019318725356932798,0.8614488841195791
0.019378523440710282,0.8610658444199805
0.019412338483627,0.8610201289440435
0.020057129540887786,0.858562969649474
0.020240976329952698,0.8578693933956953
0.02048797548871334,0.8570840876340804
0.021447562610054177,0.8537481306467714
0.021532975625586682,0.8533843878533938
0.021956812397723013,0.8520174949856331
0.022615601633363458,0.8498138528217761
0.02276854489983443,0.849188718103589
0.023413155548949717,0.8473340018406853
0.02346532641006848,0.8470578043823682
0.023601805537363522,0.8469111190395514
0.02370633676624928,0.8462745923537173
0.02436954787819154,0.8448087645131039
0.02455232259744483,0.8441168492357397
0.024979220702892407,0.8420723234978058
0.02557010933870358,0.8407647662639166
0.025699319573404367,0.8399006842647996
0.02590890952219793,0.8392020803288339
0.026154610655843513,0.8384558789498431
0.026368899303354232,0.8378668805647641
0.02659158988790128,0.8377435057384023
0.026617680909254232,0.8371273021072149
0.026695311675587363,0.8368545450532695
0.027275644441103614,0.836193284487763
0.027317439846613324,0.836099504618078
0.027461040654693847,0.8344577396677914
0.028128639419649763,0.8324334571553906
0.02819921383254742,0.8322113752715159
0.028368958239970432,0.8316858167199959
0.028648073231668972,0.8310370776367229
0.028909695768630173,0.8308122342511235
0.028984253833111984,0.8306963997424853
0.029321880398853972,0.8296960886547491
0.029431116067819854,0.8286486736603527
0.029527763991704592,0.8283296443220082
0.029820645998906478,0.827973325454362
0.029840958908938314,0.8273394791357005
0.02993277596127475,0.8272276818089908
0.03001376935397637,0.8270111006723438
0.03009261290568571,0.8266842112640329
0.03011510310048454,0.8265881723720352
0.030481118892711545,0.825561704116169
0.03065030650326045,0.8250661385008883
0.03069824622110412,0.8250027586565948
0.030896389669333262,0.8249051344489046
0.030966838892538068,0.8242847649992132
0.031327588888155206,0.8233899967261112
0.031637956537790245,0.8226611822909158
0.03185472904278301,0.8223098629157957
0.03194085440308675,0.8214703269677966
0.03197112702799232,0.8214280608966258
0.03201588007075035,0.8213282402841591
0.03233226673614564,0.8212006338241694
0.03303605045151348,0.8185577843948333
0.03380052343972928,0.8174996280088089
0.03452495370482517,0.8159157324217271
0.03460627925266396,0.8157971730275955
0.034639169640736156,0.8140121776306428
0.035042625361888805,0.8129907627537245
0.035106943105711885,0.8127271733507768
0.035547676990967725,0.8116406121992573
0.03595216026144302,0.8115440281433892
0.03603620404594449,0.8102743076841585
0.03629277124064045,0.8097415371979538
0.0363093200182909,0.8096169262228614
0.03645253425801844,0.8092585177326866
0.03689637618567704,0.8081901236779684
0.03708509383979578,0.8079268424609201
0.037576035902434635,0.8066566516093491
0.03762126766521512,0.8062090818108208
0.037702460800665694,0.806012896097096
0.037867542203827015,0.805534397056234
0.0380140533643127,0.805377537702705
0.03867463283157174,0.8040189300250069
0.03915635539784662,0.8032913819338997
0.03923930130119645,0.8019804869630481
0.039949238084699856,0.800383198633261
0.040393232324562656,0.7992126560389865
0.040448126644215404,0.7991270409908651
0.040550250136329874,0.7990462297415105
0.04077160341774955,0.7982736456668799
0.041007382727554054,0.7976600556799964
0.04101548363366786,0.7976524931983398
0.041746593133875826,0.7958117537893623
0.042030544987981956,0.7953190501859914
0.042373653852925186,0.7951921224942382
0.042625041861820145,0.7937428014571642
0.043076729865314384,0.7929892067891091
0.043438850368688275,0.7918661950854102
0.043757693047981605,0.7913908169155348
0.04410159061698066,0.7901974044771619
0.04487536346065068,0.7883605827229597
0.04491517481866736,0.7883349268964008
0.04501181866414493,0.7881659479878806
0.04507847453735625,0.7881517188886502
0.04509428040024059,0.7877840901043528
0.045750259387806275,0.786206743932562
0.04586761408951584,0.785945981865464
0.046000680307406894,0.7857202385930389
0.046464588979562904,0.785589175778178
0.04651553924129043,0.7853175877677007
0.04656113302382514,0.7845976302511084
0.046709480259869415,0.7841076615484195
0.04696960574427181,0.7835264491433626
0.04698631021487143,0.7834095849797517
0.04716852814290712,0.7829294891349934
0.04781155560768104,0.7823337020969025
0.04793434061535254,0.7815510848195267
0.04830855697964527,0.7813397041099356
0.048561956816293717,0.7798123669358418
0.04894144821773522,0.7789806366959031
0.049522873434172304,0.7779559908844579
0.04988430530040375,0.7770600243278508
0.05041468415698114,0.775856520351474
0.05050322631514301,0.7756804537749422
0.05063892627483765,0.7751924978217287
0.0507123921401782,0.7751716328854441
0.05129588997588469,0.7738482190072596
0.05160187459765517,0.7729851722293498
0.05199797190429921,0.7721549135347742
0.05245293179690709,0.7713354616760183
0.05255013763926103,0.7713134752848189
0.05273688801227955,0.7704357168122642
0.05291166546108503,0.7701939361904474
0.052935225823181595,0.7701060279818323
0.05315842813853533,0.7695612363525615
0.053736159968863856,0.7694580933262856
0.05414221227749705,0.7688916531296788
0.054205356384323056,0.7672995901286345
0.05496670293595002,0.7666292842352137
0.0556270690009692,0.7642614101103987
0.055969804055650274,0.7641860726814985
0.05605480130381029,0.7637952953639189
0.05617069377136147,0.7632558946743304
0.05628619425471898,0.7631813887277404
0.05700804192076761,0.7617299663593429
0.05721340394771021,0.7610332788860745
0.057698058594394086,0.7600221249630242
0.058271861085398335,0.7594881604606878
0.058334568651567845,0.7590408350888069
0.05843560969562378,0.7588080673976428
0.05849771152134749,0.7583502786035972
0.05859386767751967,0.7580872406009056
0.058851020639146434,0.7577138402096615
0.05896840478645249,0.7573623763966421
0.059183954697837715,0.7568234744153688
0.05928650577663824,0.7566174108503585
0.06044523515938227,0.7545723332796598
0.06205344529098611,0.7529364437891167
0.06278601664224687,0.7507654785363526
0.06354593812001758,0.7482635744916597
0.06385071315240809,0.7477951475487401
0.06433933944111542,0.7467808423763641
0.064379890207127,0.746377114001712
0.06461893428761267,0.7461961208951102
0.06498814347090787,0.7451715930177618
0.06499455975727682,0.7451369237558962
0.06502447855524429,0.7451000881756181
0.06525977823869861,0.7448498409864216
0.06540532293507384,0.7447810538764441
0.06554438167820492,0.7444642632677598
0.06556005323640518,0.7444085442074218
0.06565057076770307,0.7442590270221862
0.06592688967154325,0.7434468141623022
0.06630446657786865,0.7428381764155527
0.0664086314290917,0.7425120351093397
0.06700683911606431,0.7414494317312397
0.06723002935512012,0.7410226461471962
0.06753120529496313,0.7403314819581495
0.06805835629234896,0.7393641170530408
0.06819771293964032,0.7389593159123472
0.06830777631065504,0.7387396803680102
0.06837997408346924,0.7386158913491123
0.06870529598996744,0.738208659991209
0.06916002536915478,0.7372075497381987
0.0697922469507064,0.7363311815444681
0.06983418616869078,0.7358569239176189
0.07011628486558405,0.7353232866789565
0.07028310781513025,0.7352569403153625
0.07051262702234092,0.7347672816082758
0.07054955972233862,0.734489736976101
0.0711933182588145,0.7336221044700795
0.07131252979705127,0.7332486212101174
0.07143943129541844,0.7329942546726397
0.07157978303856455,0.732642884584049
0.0719860201658413,0.7318305993122115
0.0722637405162177,0.7314683866388549
0.07246118455003672,0.7309484967785449
0.07268954021448559,0.730776059234825
0.07319563327813441,0.7297739097740744
0.07415117528298204,0.7281319273424824
0.07485915626934639,0.7272686693704435
0.07488985108805662,0.7264898212366839
0.07527350702235905,0.7260513275090162
0.07577969043508251,0.7248616625733008
0.07664756379911322,0.7244833517953115
0.07706309633106215,0.7240566705469483
0.07710477966461665,0.7225871718873886
0.07720074825838824,0.7223810866107179
0.07797386269916136,0.7211156196713687
0.07855513944315451,0.7203056046574331
0.07876081423045239,0.7194949995301428
0.07979441617710087,0.7177110614729376
0.07986230652615187,0.7176952136751243
0.07993394950485283,0.7175128852908107
0.07995439479238581,0.7174420171286696
0.08011634637825493,0.7171183299075321
0.0806261143920313,0.7166452389350989
0.08081894866083453,0.7161071723683102
0.08086067880927661,0.715856488159077
0.08117458559924035,0.7155107956427801
0.08121430104787401,0.715428443343501
0.08130153253437572,0.7153731003372795
0.08184413594000428,0.714459918957847
0.08249848715020333,0.7141709737266254
0.08286936237086961,0.7137358386169284
0.08332596222070199,0.7127997907191337
0.08385776478924178,0.7108899033434695
0.0845713868868069,0.7106688196078661
0.08458441413095508,0.7096832750437656
0.08519637344576281,0.7082298695567771
0.08554817830199501,0.7079797093704411
0.08580504266637812,0.7073698994882047
0.08598901507292123,0.7072019956513512
0.0860694319486119,0.7067580166664628
0.08658746954059665,0.7062002815571069
0.08678874780715248,0.7058488004419148
0.08683569833620625,0.7056375970781953
0.08804733577344916,0.704296791630919
0.08819665699527637,0.7031951586386079
0.08878109513662034,0.7028849608266889
0.08905482801959963,0.7019910036116954
0.08919574391973856,0.7018073424247514
0.08966399325493023,0.7015881479204656
0.08981593621162487,0.7005161693689047
0.09021916796563428,0.7002146390361119
0.09038643720505996,0.6995493366869714
0.09114785107008627,0.6990820733936443
0.09244314478473148,0.6962033470588178
0.09251117495307631,0.6961455438392115
0.09351493368014879,0.6943483073092991
0.09423641769148755,0.6930738749645855
0.09498354280472843,0.6922076753373667
0.0954722737984196,0.6921230257513739
0.09604449258400696,0.6905413812581257
0.09673130275136672,0.6890919672591829
0.09693586828341347,0.6887577810347861
0.09754373699643815,0.6878960288776422
0.09772741357668935,0.6878016921638606
0.09831558250691155,0.6868558893566197
0.09899305910310752,0.6868281901950829
0.09919990752106117,0.6855136404920067
0.09950317931966204,0.6848445295347252
0.10040185459936624,0.6836108638617208
0.10099652343259863,0.6826470033846608
0.10191763182555252,0.6809448501115334
0.10197226631008327,0.6808468848271964
0.10224877842604119,0.6803967498123688
0.1030476289799378,0.6794501179220788
0.10322857909238509,0.6791660403961417
0.10323864956124618,0.6791233465499027
0.10341934796041334,0.6789182575013654
0.10349170780655506,0.6786514977423861
0.10373122434097237,0.6784268381883911
0.10398706441872199,0.6783546977453627
0.10461161478154107,0.6771658741352689
0.10469001751496325,0.6769139215584742
0.10479911718223833,0.6764778291255256
0.10522523193470558,0.675775574756124
0.10603637082426283,0.6746753501273247
0.10655878755726245,0.6738129213654279
0.10663738180791565,0.6735658344914408
0.1069609291648726,0.6734049051460066
0.10873046953384027,0.6708794930824602
0.10920242393158225,0.6700278201154358
0.10949875057600406,0.6698962561868572
0.11013802748990459,0.6685252466667605
0.11036860591748487,0.667970406426268
0.1107861953996533,0.6673351712139955
0.11097149050738891,0.6673171764082634
0.11100276063145083,0.6672150211899179
0.11128897806434232,0.6667698640595455
0.11162910574816741,0.6664230078588737
0.11237278801147664,0.6649547146498465
0.11284181662013372,0.6642807370895367
0.11296369226512906,0.6642741781740638
0.11303906391344212,0.6642171357591489
0.1130535790169799,0.6641747685483312
0.11307570770360559,0.6641046089171219
0.1133799301978102,0.6636894254649113
0.11368621671182655,0.6634929197543213
0.1140887759246737,0.6623383510871621
0.11476670647281606,0.6616508229071153
0.11518469220504574,0.661466337209319
0.11565091996122673,0.660158502809492
0.11609740774328559,0.6595883843771534
0.11633847820371013,0.6594642934164834
0.11644668888970111,0.6590050527686866
0.11675890722639212,0.6586746231235426
0.11683925711232782,0.6583979395731615
0.117044280070141,0.658175251688674
0.11725596773160016,0.6580917487281766
0.11777740874630868,0.657240814955374
0.11832905794034437,0.6563015606905428
0.11871157781700592,0.6555909595605964
0.11905681604303359,0.6552962885560669
0.11931606337598633,0.6552680218562631
0.1194156705953666,0.6549600927348144
0.11949350693609734,0.6545432862994319
0.11990555864870478,0.6539628943870276
0.12121112086757177,0.6526292015271754
0.12125437331057742,0.6519932144553602
0.12178752765073964,0.6516640278405204
0.12240039756028111,0.6503196391550077
0.12265354771671316,0.6501559265331469
0.12357840464291203,0.6492890685406786
0.12379399662144602,0.6482947570745222
0.12408211741124314,0.6480803244298662
0.12420424976580463,0.6479278241919579
0.12422407509189898,0.6477166636546067
0.12491167822140949,0.6475376694509106
0.12508439683168746,0.6470150154370516
0.12548828656934427,0.6461849520949752
0.12574571415319008,0.6457642522015097
0.12593450686583185,0.6456033320867614
0.1260192316034219,0.6454740826819695
0.12611505996534506,0.6453648352764755
0.1262666378665126,0.6448357599083806
0.12672928414979553,0.6446877994429027
0.12688445802403797,0.6439683852188441
0.12714174867095057,0.6439350924287859
0.12747873572490143,0.6439350501299649
0.1285825884490107,0.6439071877196619
0.12860500510832204,0.6416977053575659
0.12897462847936453,0.641263624350108
0.1295900709918244,0.6402688782813486
0.13006692716255638,0.640102226178963
0.1303185201172924,0.6393561205325771
0.130369030011942,0.6390591661126735
0.13075297357614274,0.6385171863514081
0.13178210274816798,0.6372273952416256
0.13278113260595376,0.6361040830859632
0.13309297322937047,0.6353448661343807
0.13316606022588645,0.6352869285567234
0.1333032241586719,0.6351010701497297
0.1343556864608284,0.6336632592726918
0.13522649984294166,0.6328036972395211
0.13545293929428015,0.6322858131932464
0.13648597429354659,0.6310822886691565
0.1377803349034136,0.6299150701155134
0.13782853559959168,0.6291038242843865
0.13798442065627287,0.6289076884958357
0.1382582424823831,0.6283220832610421
0.1386672922154465,0.6279822781359039
0.13944782395118294,0.6269789437850732
0.13952955285851243,0.626769313888868
0.1395425923438631,0.6265952980073916
0.13962402708783472,0.6264695637965347
0.13974625523426737,0.6263367438605807
0.13976143065820185,0.6262480027143273
0.1406564394833693,0.6250263199436134
0.1410312426302603,0.6248276205276333
0.14124127829557825,0.624341985349068
0.1422005011667532,0.6232385661605608
0.14239311537863247,0.6229600626426308
0.14246709027917703,0.6228486253411514
0.14255919356479213,0.6226994967196922
0.14335846274690695,0.6215338545193025
0.14388552216754297,0.6214803052005997
0.1439209626132149,0.6214339649990304
0.14435541191905144,0.6202508039929019
0.1445565799005636,0.6200071171806285
0.1454204444376192,0.6195023860319984
0.1454299114383828,0.6194978124622409
0.14731699708744742,0.6164007373899913
0.14782986453910058,0.6156988382661381
0.14803216891913268,0.6155612404631889
0.14888559927464895,0.6144378641708723
0.14989516534517644,0.6135330162913031
0.15074255046742208,0.6119357206999084
0.15098585443372792,0.6117512458414989
0.15225857296079293,0.6101557595104224
0.15289213680386754,0.6093227062587266
0.1540437026246717,0.6078354350235575
0.15468299318154807,0.6070505734416275
0.15590413919228518,0.6054133792352867
0.15662637271958377,0.6043111583496535
0.15779327644312519,0.6028449930451989
0.15906962497911958,0.6015492774203243
0.16105251697859557,0.5991233555276314
0.16106191220284494,0.5987549643850837
0.16195221505586688,0.5983865700552792
0.1621544424118485,0.5976988096129578
0.16244609648262662,0.5973599291048188
0.16304958879933873,0.5966789975456083
0.16356088318901052,0.5957891314743083
0.16398989164411973,0.5951206068548843
0.16466194525212446,0.5943050491176423
0.1648195189384941,0.5942576007590352
0.16509345000301157,0.5939304124903798
0.1666328074398687,0.5930142944350117
0.1672482839877203,0.5914551711117724
0.16778216110801963,0.5906529177943683
0.1685017811503337,0.5896521996887236
0.16952396501167188,0.5895346368096841
0.1698250543279412,0.5887549226461063
0.16993767463335813,0.588696389867464
0.16998917048523327,0.5885856853583654
0.17015570257808976,0.5878359316262095
0.17029101082553727,0.5875414560619072
0.1709219575943304,0.5867586283706347
0.17108746798027405,0.5865756564639557
0.1711963472364036,0.5864434326262441
0.17153353466275462,0.58601721591826
0.17198192917478086,0.5856827941579305
0.17237453462050595,0.5852034822581998
0.1726494560429722,0.5845949723909848
0.1734549262734914,0.5836899073957477
0.1739289781870969,0.5831530692831391
0.17445678596734226,0.5824408697285347
0.17483378594184407,0.5820398699815519
0.17546628743226111,0.5818124098289192
0.17560734276813855,0.5811330396053873
0.17577175295855263,0.5809199894139638
0.17622326728823964,0.5806006827775984
0.17641951388966964,0.5801001518773496
0.1766648363493027,0.5799141150672835
0.17764262070021167,0.578766872196669
0.17820446080712865,0.5780725566686676
0.1787570120569723,0.5777271360051931
0.17895188741470522,0.5772257257951796
0.1794582824428659,0.5770544681759799
0.1796929976602043,0.5766218917574116
0.1810103652296371,0.5758470726585116
0.18138982960982736,0.5741803627072156
0.1821357740901805,0.5740155827475644
0.18219221235786237,0.5738192877962851
0.18255614334997744,0.5732991819112752
0.18302595650990378,0.5726692043405641
0.1833713387411871,0.5720576149364601
0.18386255811810698,0.5717985558084878
0.1838893648888413,0.5714345736285088
0.18407945175049162,0.5712044673394349
0.18442929674668268,0.5709677775715116
0.18450054619792114,0.5709411486796693
0.18481485749071375,0.5701609958926825
0.18512353509849083,0.5700420163703569
0.18549349232402884,0.5697386771916568
0.1858148983731527,0.5690906708027751
0.1863306613446617,0.5687652091378067
0.18657937266547803,0.5684788110195788
0.18707937190879104,0.5683420746445713
0.18786461069158217,0.5679086334493298
0.18846116478287267,0.5659827073109661
0.18863478510909754,0.5658882013632468
0.18884158815875118,0.5655347055355303
0.18998912525534806,0.5645678606716381
0.19035603409528554,0.5638836047482652
0.19073424289316038,0.5636971478971877
0.19192477006967334,0.5632723128720465
0.1920019119380894,0.5627604340822533
0.19211865515321103,0.5620251633470539
0.19291239684752262,0.5614097384373575
0.19399399629857678,0.5600163944695906
0.19540543672352112,0.5581545076838414
0.19624706837977307,0.5579417832853003
0.1974561783956282,0.557858980677671
0.19748544450785022,0.5559907171442914
0.1979895411842775,0.5557666492362814
0.19812627815962863,0.5553505881314174
0.19836122966344852,0.5552307075749763
0.19905431823485387,0.5539945479752394
0.19980638929087252,0.553466801405752
0.19997857662563068,0.5529243502615053
0.20166173047561434,0.5514828738003121
0.20196466055249968,0.5510234232392284
0.20245034284327662,0.5501916114727288
0.20282260453318393,0.5499029030584265
0.2031422366784516,0.5493964588780759
0.20459148213996303,0.5489683549983188
0.2052246403204433,0.5472353921295914
0.2055859297147154,0.5466929670795274
0.20717983550206884,0.5464529558332575
0.20718638365557893,0.5462567114380947
0.20724114129694096,0.5449408688930927
0.2077083102091962,0.5448478848468654
0.20808679659675627,0.5439851837520401
0.20851654461013347,0.5434465621137604
0.20877461997926544,0.5431898343417657
0.20977721402107197,0.5421221892590533
0.21115763295656723,0.5418568519366017
0.211172046288768,0.5407569355008858
0.21131752513933136,0.5405070098355279
0.21150717754085296,0.5402403197041687
0.212674351983117,0.5389954028194985
0.2128918388407115,0.5386779629868248
0.21335185619355268,0.5382566427944305
0.21415459590702124,0.5374397617541007
0.21452466251056265,0.537282240021473
0.21455528036891214,0.5369299688909578
0.21493047861075218,0.5368821824633118
0.21494011344618902,0.5366423903220258
0.21539618749087536,0.5364508379933475
0.21616125756359816,0.5352009565416458
0.2172213558379909,0.5348665994154506
0.21723628258817818,0.5340364414748957
0.21790236202204602,0.533407498706226
0.2183548187840033,0.5330649339327512
0.2193180575040313,0.5326513205417185
0.2193864003992585,0.5317728997626515
0.22038307577084687,0.530840491336186
0.22120368845350832,0.5299149177953804
0.22188324511744367,0.5294220461247205
0.2223265269726648,0.5286478515325784
0.2223972368305933,0.5285795355340182
0.22308543459126265,0.528298027035233
0.22371909276859098,0.5271773691067368
0.22391333986315753,0.527085089743649
0.22568899500319717,0.5264096583606114
0.22623705094073934,0.5250426372148196
0.22686894000955005,0.5242745330011488
0.22741134208318856,0.5242460122772375
0.22775587963487304,0.5234249579797068
0.22780313502009913,0.5228303555336459
0.22839889670708557,0.5222396970624662
0.22915385530876767,0.5218829617924561
0.22929724235744448,0.5212784642198689
0.22952861363654353,0.5210139856109931
0.23058829142159562,0.5205221912466607
0.23063499823750366,0.5204050936775716
0.23091055986730225,0.519807249842792
0.23158065829716246,0.5190171103794875
0.2316554931858752,0.5189227550409555
0.23221026746698317,0.5182135658921538
0.2330552984817469,0.5174037790266034
0.2334045025075272,0.517046600007876
0.23345577538187573,0.5169466834879934
0.23382273420315008,0.5167641013381636
0.23433660881876234,0.5162958674550646
0.23456607588088918,0.5158985314980792
0.23457786571491906,0.5157777192796166
0.2347374270570149,0.5156961125851877
0.23577092949309048,0.5146037485092765
0.23616835055658442,0.514458658684755
0.2365816747917021,0.5137204674225814
0.23823248435426708,0.5126354537276927
0.2392385578433171,0.5124423448965268
0.23925991106059105,0.512252024587159
0.2393590077365504,0.5108206715027942
0.24117280859869944,0.5107058431448332
0.24221754263751355,0.51024984597189
0.2426311964300448,0.5087910930504693
0.24294896760726487,0.507822437447418
0.24383914306806126,0.5064213560809229
0.24392677531936724,0.5062713613070909
0.24437268442733134,0.5057505130575234
0.24468498895517643,0.5055180626263905
0.24499751691939878,0.5051462413388548
0.24527489129800703,0.5049366136699245
0.24579594125884224,0.5043824067155651
0.2460335112179864,0.5041990669664023
0.24669136115724405,0.5041475922721864
0.24699138997153094,0.5031441586135027
0.24833920910356572,0.5021257755519649
0.24847354292787732,0.5019542253370687
0.2490851476023779,0.5018332182567892
0.2495366216672672,0.5016976954876244
0.24981503879521344,0.5011267896680919
0.25000499804782506,0.5001621933675758
0.25043615380757916,0.499806002773102
0.2504466481172394,0.4996971248758142
0.25056760771655545,0.49963504919229823
0.25174564231953733,0.49851503748566167
0.2523990779511885,0.4983839289092318
0.2524925887976207,0.4981929382920815
0.25261303944867786,0.4980733810619299
0.25381407557608787,0.49665144750399143
0.2540289436746055,0.49610493135004713
0.2543652598699456,0.4957714094436372
0.25511266111230985,0.49557083392355006
0.25567037840831786,0.4951369555059226
0.2560062509462901,0.49462114290355746
0.2566310933613297,0.49348877891842424
0.25712245295548486,0.493388939681544
0.25723395603227567,0.49292592525259676
0.2591989802001112,0.4911071882899876
0.2593409796520097,0.4908957118568166
0.25941421131144765,0.4907756256286591
0.2600337113701197,0.49034756627264664
0.26106259543313187,0.4896186999876819
0.26146987542816613,0.4893554900189651
0.26230926878441174,0.48837781359559
0.26247659240178145,0.48831939894571946
0.2625485277920719,0.4881540869135998
0.2636964786439536,0.48662348040612113
0.2642213181129912,0.48608347542002106
0.2650866517006857,0.48546203880013694
0.26592532547836495,0.48487195012301954
0.2676043897210839,0.4828566785894892
0.26825127804273663,0.48255391159634153
0.2697942540725845,0.481278572750439
0.2709640938513595,0.47951313091001146
0.271929977395885,0.47911001691045374
0.2725572766104687,0.4789189845409381
0.2729373466625503,0.47775252498644255
0.27309093670309087,0.4777265432621899
0.27438258879511923,0.4765519772567012
0.2745752269201305,0.47630004587591274
0.2751032719437285,0.47563570866452654
0.2767409019561313,0.47562320555368326
0.2767778782471846,0.4743174528428568
0.277025201856781,0.4737545262914811
0.2774409265362462,0.4736087714515095
0.2775817996846066,0.473467175464529
0.27826287854679377,0.47266750316233397
0.27852504760502317,0.47252429656572126
0.2790504930438059,0.47193497415260965
0.2793825859985993,0.47156991613353194
0.27950883155477735,0.4714353014331904
0.28004173497451845,0.47093216646776453
0.281912320503847,0.4691088705418335
0.2827923059074232,0.4688305363565841
0.2833134766285039,0.4683232701717567
0.28486322754294885,0.4665846309567989
0.2851745112271554,0.46623632157181055
0.2871709799620328,0.4646431681262679
0.2886679690436993,0.46302734918886
0.28901785896138155,0.4626654405340233
0.2914741455037037,0.46045242065224157
0.2933936433098507,0.4587365950607332
0.295157588476829,0.45678198297485967
0.29522691307276266,0.4567777938637511
0.29538387950856737,0.45670272319618865
0.295498659869588,0.456594123454195
0.29601565693728,0.45609498641786017
0.29653841646550816,0.45551536135837484
0.2968055496713745,0.4554923222665612
0.29728645660035014,0.45510792387686794
0.2984795583336831,0.4545061413875648
0.29852679290983314,0.4541604790997663
0.29890878112827923,0.4537800685445347
0.29898811608236575,0.4536453170829269
0.29899946626882046,0.45356716388142604
0.29941965205200466,0.45324132245476817
0.30006824262306164,0.4523822956852561
0.3009426688815849,0.4517845445238649
0.30100509707132894,0.4514642132818721
0.30125591523978235,0.451254480018382
0.3015488776934522,0.45121311784532336
0.30156368731652883,0.4509763467131847
0.3019965640039827,0.4505672401428665
0.30301027057890834,0.449638768351925
0.3032487144482274,0.4494412850993494
0.30387635525074386,0.4493535938546256
0.30411578256430816,0.4491172769165683
0.3042969168345666,0.4486677806521215
0.3050529942854609,0.4478274876134541
0.3054436707086964,0.4477793750962423
0.30549861294386527,0.447709677558091
0.3056053929327884,0.4476761404309732
0.30561071879852336,0.4473755116328009
0.3060220084555955,0.44703794479388265
0.30602769615314435,0.44693277332070175
0.30615886271159076,0.44680726850889796
0.30659200594937763,0.44640403157358005
0.3078029784905837,0.4454844360649054
0.30783916931600325,0.44526173369339594
0.30858875344859193,0.4448373657935885
0.3088788768798253,0.44427388229782644
0.31032565741028617,0.4435033793371395
0.31066778327518496,0.44274799047007257
0.3114768845344625,0.4420325863759155
0.31187512329888234,0.44187399031828195
0.3127106851780603,0.44099930192709674
0.3129588709879556,0.44084472090502036
0.3132530584544964,0.44043532975250854
0.31392781554944027,0.44023897748870333
0.31457590842644356,0.43949202570891766
0.3150915341662896,0.4389968840464974
0.31616206717282935,0.4380465900087712
0.31766944869954356,0.4378285468595059
0.3177727500628219,0.43644320241649415
0.31830007009987793,0.43609167662893494
0.31831457696098997,0.4360689244824246
0.3184589260593472,0.4360086520735067
0.31863586174782343,0.4358522590423838
0.3194908852714342,0.43583620735566747
0.31958169807434494,0.4350458572426105
0.31958647156981274,0.4348233268505664
0.32004499018939586,0.43460033529992387
0.3205125911866641,0.43403612474516035
0.32186605771757015,0.4330702386539714
0.3227134351204535,0.43293798219516794
0.32329991125666124,0.43199384302931854
0.32339115595108886,0.4319648903068318
0.3239841711976056,0.4311619879400807
0.3241543144587548,0.4310179319400403
0.32489532867781634,0.4304311942377972
0.3254185838172362,0.429634835814957
0.3260165512418043,0.42917041439032294
0.3263563639685221,0.4288680039399593
0.3268805285298134,0.4286117814774287
0.3269498988872046,0.4282945992954796
0.3282948241360437,0.4276267175745083
0.3283659697442019,0.42715657313781114
0.3286699351561972,0.4268777397805005
0.32905054385218413,0.4266142162876138
0.32913252349959254,0.42640614519239994
0.330130977900611,0.42580732773854507
0.33073898705934063,0.42552689460242893
0.33164613337638205,0.4243337437341192
0.3320829160766021,0.4240237493817347
0.3328938902739995,0.4234828953085089
0.33384357696195316,0.422505585975588
0.3344044958744636,0.4219036594732153
0.3363696204975151,0.4201319891012
0.3370398210023001,0.4198290842978414
0.33714755111964656,0.4195811962339335
0.3375601806101435,0.4193783110203406
0.33761603315780353,0.41931911913177333
0.3378830976617274,0.419189936020981
0.338350957107569,0.41891596692829874
0.3384507884790392,0.41862006005338953
0.3386674473145392,0.4181804418537772
0.33895568048693264,0.4178954588146837
0.3403464081853515,0.41751971804127763
0.3405663770522707,0.4171824192430628
0.3407124553694023,0.41661791051241237
0.34118381688396265,0.4160013746786383
0.3412999233182818,0.41595175628124487
0.34137112523698526,0.4158620932150183
0.34151458986796623,0.41583564418558283
0.3426032119044986,0.4151996403470148
0.34335752767341615,0.4142064359853267
0.34376447133549964,0.41396068349742005
0.34463946169996673,0.41344699220578274
0.3448696917159253,0.4133059895189118
0.3448993435363762,0.41287433086454683
0.3452876122926351,0.4126776233261346
0.34538346926423236,0.4124043974530147
0.3454605414210074,0.4123853493048332
0.3456606224326268,0.41219511424982497
0.347066104981141,0.41117200171832563
0.34726769492662596,0.41078925920997716
0.34792305677558455,0.410274781013684
0.3486932495439534,0.40967142031387416
0.3488081898844697,0.40954928681320063
0.3496788407745333,0.4091902705333437
0.350133926488038,0.4084520245052619
0.35032000764971005,0.40841060148762715
0.3507891311988847,0.4078988683134049
0.35229509169081025,0.40727922383830945
0.35237126583369105,0.4067466196844565
0.35316551575443095,0.4065253896889124
0.35321185416082296,0.4061132018879564
0.3535208599516195,0.4057413990798985
0.3541590390112861,0.40523872343091544
0.3542670334714993,0.4048944615935006
0.3547894850284707,0.40458063164974256
0.3553698435778282,0.4039914131805704
0.3563874357468232,0.4038020668060497
0.3569143839795085,0.4026562845231168
0.35802312302222383,0.40181866958866547
0.3580874555270706,0.40177191475067264
0.35866604937421415,0.40137287543153133
0.3591681779088854,0.4010288101536003
0.35929840499059135,0.40075607830111326
0.3602621622266032,0.40016773971091946
0.3616661305767471,0.39906002727724765
0.3616986962221692,0.3990075148917401
0.3632016730304727,0.39785976344367463
0.36453832565341726,0.396600326532576
0.3647717845784383,0.39641937133342897
0.3655684672491951,0.3957745621319741
0.36593567846180347,0.3955220920252312
0.3660250373401672,0.3950585713323405
0.36771750388372787,0.39403501950562697
0.36878154550755593,0.39338785722895286
0.3690590071984293,0.39256398728488384
0.36977998569527737,0.39222697007532886
0.36979614464814703,0.39193785320538344
0.37077601057705056,0.39116564178868607
0.3722576110335699,0.38993470260862695
0.3727535743414723,0.3898979814739651
0.37360503392092476,0.38912647227825997
0.3747622935251036,0.3881030405481785
0.3748796274271103,0.3879724940860536
0.37623037506473095,0.38768621457534136
0.37627130686396115,0.3869361607710444
0.37636911140941565,0.38671283094891923
0.37697081038263747,0.38631901208372776
0.3773676108923474,0.3860664445575793
0.377556219634906,0.38576265373286106
0.3778546586148345,0.3853942873465073
0.379394731266677,0.3846829967056361
0.3795292155743227,0.38431302625740266
0.3803258091410259,0.38396610214061905
0.38057591626781295,0.383726585707259
0.38128045590200554,0.38261391912829884
0.38157717405779673,0.3823867330918777
0.3825078618280568,0.38214563611522556
0.38276149142261723,0.3816647663615139
0.38325386299723146,0.3810292397902287
0.38440602005702307,0.3807060168804496
0.38443910053306973,0.38007289956898993
0.38506060761501293,0.37958356947165994
0.3855730287964562,0.37917748146453084
0.38701725627601113,0.37851539852465
0.3875596251792417,0.3780264219028466
0.3892949530854302,0.3761913340733834
0.3900254467625952,0.3759350251824855
0.3907979608548495,0.375264857027898
0.39142844268830723,0.3746432918399604
0.3917493542537007,0.37418225429282465
0.3938048450825481,0.3726462744375075
0.39591497951774535,0.37103223537131125
0.39661220169411915,0.37040991946863994
0.3971695090332093,0.37009190990024526
0.39753297068680465,0.3697183182441435
0.3979633414298813,0.36939788704875287
0.3992903491034808,0.36846713578470547
0.3997064686726331,0.367957683103849
0.4000043099504962,0.3677220256063573
0.40010342361519835,0.3676926346409716
0.400239828875392,0.36762996877450693
0.40112031656019975,0.36685511113372893
0.40166472691722765,0.36632583835652327
0.40261196121323617,0.3661076625592305
0.40333649121671156,0.36568826549967665
0.40390515711035263,0.3653581943767738
0.4042171226585792,0.36435605546314503
0.40485201878018146,0.36415815219639314
0.4053059225272663,0.36359196616470213
0.40540831655718396,0.3633859794145956
0.4060836562339645,0.36313962980261677
0.40689937027282125,0.3622943107877853
0.4077455910961526,0.36157398038467087
0.40807600623886947,0.3614445708482237
0.41009706959173414,0.35996209647843563
0.41009825707792497,0.3597628194186212
0.41086364808440606,0.359195665775927
0.41136700567753565,0.3591481140056903
0.41199516536039316,0.3588784358502017
0.41209286330808576,0.35843881606187056
0.4129194343197719,0.357743725996851
0.41295814357162497,0.3575590513149512
0.41375733686612814,0.3569395961931429
0.413864634961796,0.35688599285603
0.41418509921177404,0.3566199222249009
0.41428541186690765,0.3565435265676355
0.41507647845787765,0.3560766380679582
0.41531190094075904,0.3559854258442892
0.4154929978194307,0.35576015213600487
0.41583383123802786,0.35523638212845793
0.4163422628874469,0.3549187447698789
0.4170861379800269,0.35439100341093915
0.41728658803086816,0.35417820380706544
0.4178948027746991,0.3537608237357145
0.41903843825724285,0.3535014957314724
0.41941699461009957,0.3530189423640998
0.419535642113664,0.35262513399462003
0.41989601579947095,0.35215039566961065
0.42064302258892683,0.351767662630237
0.42122269403754,0.3512952283723595
0.42132011384986173,0.35125210521474326
0.42134356566391906,0.3509784325130894
0.4216398338237297,0.350737647710669
0.42179883530671675,0.35065349411930435
0.4229555967855798,0.3497185159536516
0.42298744669633376,0.3496938560847204
0.4234715689376425,0.3496815396623696
0.4239626951755412,0.34903766724662105
0.4248045776966769,0.34868743169610966
0.4250825677524369,0.3483822898593562
0.42523743736299946,0.348137425052012
0.42523885806968986,0.3480739185361558
0.4257387852867004,0.3477245449495104
0.42636801294710786,0.34708411127565625
0.4276245574889367,0.34628127388572116
0.4294309447563541,0.3457278993565249
0.4299616794506724,0.34447376761729703
0.4306084383796676,0.3440204146928602
0.43062013573957175,0.34395708371465106
0.4309800929772828,0.3436997706581613
0.4323459301326025,0.3427135204738482
0.4331452015309289,0.3420690729459024
0.4339694748756057,0.34142781201767736
0.4342685585251754,0.3411326094111725
0.4345009148493928,0.34100777530211596
0.4353184752997928,0.3404786208524779
0.43615895315777536,0.3403301366014704
0.43638614104158646,0.3395803472760384
0.43668280541694887,0.3393606893654725
0.43784674993480543,0.33847366055849104
0.43830290287330076,0.33846933857927997
0.43860894372688225,0.33782231399516455
0.44006906443546145,0.33697953657431007
0.4408488719187169,0.3363565109598088
0.4422203253593854,0.3355150986205219
0.4436743348004372,0.3342299598916344
0.4438773962357544,0.333928734399742
0.44444007326658885,0.33348387080020103
0.4451588777027767,0.3330784664966645
0.44520535820675666,0.33295571940527585
0.4452730291931308,0.3327742568173286
0.4466465053480565,0.33182715886172454
0.44731908005679494,0.33129922427398
0.44742584340127395,0.3312424801103391
0.44792812520201597,0.3311344670403013
0.44797284246009783,0.33082226949534504
0.44880349726145646,0.33050096210306906
0.44910024540350296,0.3303429033706534
0.45011522596528114,0.32918036281251495
0.45127831520731476,0.3286400031452132
0.45162003588502,0.3280116457320937
0.4523660517390039,0.32783468311545844
0.4524061293545337,0.3277428268281108
0.4524216216119035,0.3275380389638899
0.4528677776775803,0.3273586735740351
0.45385072185532294,0.32669659107788196
0.4540656565651785,0.3266658263066668
0.4550450192148664,0.32548413770665185
0.4562593650439023,0.325476769987263
0.4569591301122872,0.32455118364944824
0.4572868240652092,0.3241110977964173
0.45747447957883336,0.32378959904366744
0.45850306163769533,0.3229365670876483
0.4589360368181489,0.3228241629109695
0.4591165322151677,0.32268807854168563
0.45934557249253505,0.3224044687480156
0.4602904329067373,0.32222154150058147
0.46065807735986725,0.32155911340941923
0.461889414454984,0.32069960888372623
0.4621727894420168,0.32033884490606185
0.464893572052246,0.31868086637187565
0.4650667500115314,0.3183134485714005
0.4663808258062951,0.31717708158979546
0.46704145089079113,0.31678892025713656
0.4671094595404758,0.3167713351463733
0.4679697122263809,0.3167381557780714
0.46857676945039856,0.3155901501643951
0.46924162737047576,0.3154498585256662
0.46932206507403096,0.3151086875263997
0.46954374652400577,0.3148371455484901
0.4704963875347909,0.31435059431273726
0.47087007135240433,0.31434082084898396
0.47112011188524755,0.31391623741944263
0.47124811814193984,0.31380460849033653
0.4716513263135933,0.31378998248225376
0.4729025930428003,0.3129247441401787
0.47300575843038395,0.31232207574165005
0.4751589783009952,0.3108002751686862
0.4758291632110251,0.31027298977512885
0.4767657754754355,0.31017178452550365
0.4777280506236068,0.3089654947620203
0.4792627412808045,0.30779694315825573
0.4804094600329193,0.3070269338118374
0.4806412740158911,0.30684105665541156
0.48078898623077804,0.30674457160535146
0.48158387290458243,0.3065609896740761
0.4817712198969146,0.3063759589643315
0.48182358098716055,0.3063510191233434
0.4822355711043299,0.3058704218929706
0.4846103989857188,0.3052329230441115
0.485013447122613,0.30424263371836047
0.4852569899791541,0.3037027726835397
0.4859651381524476,0.30334934768435906
0.48739490596933566,0.30306173825042865
0.487565241468744,0.3019135296053146
0.48760965791170674,0.30185483069170793
0.48786636574443965,0.3016372032891386
0.4883931288236857,0.30140494269503687
0.4887142359225348,0.3010582304807951
0.48916303178409554,0.3009437608122923
0.4895486921373406,0.3009220352445167
0.489972179430327,0.3002265808131519
0.4900176106647114,0.3001691079460938
0.49118693458529916,0.29950031854171877
0.4922669991083851,0.2986047789070231
0.49331795899189673,0.2980524357100699
0.4937357199149809,0.2975336719782991
0.4938889633096345,0.2973379503167118
0.49507112330909325,0.2969231778089473
0.49513790204284236,0.2967323255040581
0.4967603955657408,0.2954708905461489
0.49769236673285744,0.29487233275616626
0.49837074394173736,0.2945433352400062
0.4995490408787241,0.29345397723264155
0.499769929196282,0.293436205686334
0.4999252968445636,0.29322219053088516
0.5001025671459042,0.2931887741446974
0.5004518889146271,0.2929202978324094
0.500981033669377,0.29253870445089797
0.5014378572664495,0.292248958285037
0.501872307333896,0.29221303448354435
0.5020585436865,0.2916405042828228
0.5026571327869318,0.2912472973439545
0.5029372950246398,0.2911042517122382
0.5032669702163267,0.29077362235162546
0.5038960024926629,0.290275709527314
0.504419604259713,0.28994047467518336
0.5045721377131746,0.28988438771902625
0.5050749155705956,0.28942190390084505
0.505239509147112,0.28934916593307364
0.5066185920470576,0.28831856226357533
0.5074539430618097,0.287705099242279
0.5076897122793524,0.28769178817452407
0.5080884344464931,0.2873671346728522
0.5091943051534079,0.28703944584896873
0.5092524353962606,0.2864572282365877
0.5096891934318482,0.2863719575811708
0.5102134961202082,0.28628455054108337
0.5105811361509381,0.285836258604229
0.5106843343199372,0.28569691956880855
0.5110324166359853,0.2853529752812343
0.5110981666386292,0.2852078320473551
0.5114017755856268,0.2851017477453875
0.5119427639525447,0.28474839719664663
0.5129608537967645,0.28388336176275836
0.5135228302148307,0.2834588489816638
0.5137314173556654,0.28339972590589496
0.5150415729178501,0.2831823056479224
0.5151321814068809,0.2824036268451635
0.5155564481329342,0.28209188357255816
0.5166938152191949,0.28144354171024805
0.5167775679949846,0.2812623634648135
0.5170897101978483,0.28103284469093914
0.5183899860474045,0.2809963702905572
0.519974573785581,0.27898707258860445
0.5204796853887101,0.2786720456870586
0.5215745436378761,0.27793443532502804
0.5229380869691752,0.27718066798044705
0.5238546372861838,0.27658949845178643
0.524048079502055,0.2764839752441348
0.5247046457438546,0.27629684316062486
0.5248021477579797,0.27561409108174023
0.5267161676295194,0.27538313254805513
0.5267193585447387,0.27492442804742806
0.5279171592540858,0.2740119778674513
0.5282651051679313,0.2732493995110017
0.5287977288980408,0.273028212174821
0.529778130188743,0.27232785317855734
0.5304730428893933,0.27183032760312
0.5311613040483993,0.27135269815162943
0.5320111547883625,0.2708280491724169
0.5324860253216683,0.2703130630456598
0.5344255035288826,0.26917492349378136
0.5352597064533668,0.2685824575914492
0.5353337232500553,0.26843880040967905
0.5369314454301832,0.2674620531024245
0.5393910221202528,0.2668718706918313
0.5401724581155984,0.26510698783585157
0.542098166435908,0.2638821351089509
0.5423074159019778,0.26381353157960774
0.5432510158062225,0.26308902813766405
0.5442842702708217,0.2627159866533586
0.5451019911684114,0.26200594056077664
0.5458912791663941,0.2615102216944999
0.5468425490533007,0.26116923722878194
0.547197286897255,0.2608891904188024
0.5472113509376857,0.260471853784595
0.5472365476118729,0.2604531322706727
0.5483582767649198,0.25989763793160214
0.5488259100802584,0.2593171766646077
0.5502275004590623,0.2583275800115276
0.5510061479816585,0.2578148659332569
0.552155735505997,0.25706669380857694
0.5524038216417162,0.25684148260241035
0.5532360480581313,0.2566015747173261
0.5536567491799527,0.25615269407842817
0.5539648316572,0.2558010458406283
0.5539890395491285,0.2557809425419694
0.5540571595187646,0.25572160470778127
0.555378250852536,0.25490137091064674
0.5555806641162091,0.25489775382549085
0.5564690144592774,0.25436832271569415
0.5568899152247775,0.25388453790825666
0.5570196350119402,0.2538746056238705
0.5585089357798891,0.2527645167229747
0.5590630617032781,0.25268822667331786
0.5594693938825914,0.25213429793859554
0.5597872453328265,0.2519217419174391
0.5601237032227093,0.25178927100115767
0.5608128060751718,0.2513866694178278
0.5625579568641738,0.25015322207789115
0.5626569954245859,0.25012825960615315
0.5643008972379476,0.24893723500101203
0.5647312089054488,0.24866454814853065
0.5651580689940504,0.2483206268706994
0.5653452989004686,0.2482948709963136
0.5656968853942745,0.24795655903991232
0.5665248074398316,0.24742234218065037
0.567392457518858,0.24700401573833247
0.568793112565356,0.24617672713576047
0.5688740683903504,0.24611452773864645
0.5696757055105707,0.24546219370340733
0.5697997082422803,0.24542388786985148
0.5700271743097172,0.2450916715963883
0.571258105036474,0.24475625512246116
0.5713210824654542,0.2444204163077302
0.5715027186196198,0.24426293135578758
0.572398591156602,0.24359308923124093
0.5726426884361256,0.24355610076950815
0.5731659301738502,0.24306299288172697
0.5736820784067698,0.24269539328004036
0.5756380846304375,0.24245454011871453
0.5759624114526278,0.24118350574932765
0.5766142007430902,0.2409907877738372
0.5768058603029851,0.24089993662567447
0.5770836513629163,0.2405221338511677
0.5784321304280711,0.23998843571717063
0.5795104776242254,0.23945355219529665
0.5795744995757867,0.23885377421525403
0.5804424827452003,0.23826613341221245
0.5809023966631413,0.23798720590558825
0.5813708546230661,0.23764727856787454
0.5826430439562063,0.2374231283506188
0.5833113543151383,0.2372908325002957
0.5840562280139853,0.23605101297270353
0.5853098912862835,0.2350357107525375
0.5863857757267826,0.23439299637442362
0.5867155460507041,0.23417158514616954
0.5874269987308876,0.23367555042402002
0.5877008691101105,0.23356846217816482
0.5879425322455406,0.23336730098527944
0.5887778096232986,0.2328107025481565
0.5890110576949199,0.23265880219196433
0.5897780344750139,0.23215637750234067
0.5900820915273269,0.2320599360361897
0.5902117821092994,0.23185456839732466
0.591142103790139,0.23154843040662498
0.5914464111614776,0.231345992255472
0.5926920593063337,0.23067306265464949
0.5929497684200952,0.23040654563612956
0.5934370957886682,0.23016899321109913
0.5943852175183068,0.22968405706799036
0.5944658145119592,0.22908575904955542
0.5959191070390907,0.22819033683443118
0.5971007471531831,0.22789432470034138
0.5972806072802059,0.22746975738877465
0.5975542803367047,0.22715273052822857
0.6004096190718835,0.2252708096020828
0.6012949828599643,0.22520352487563083
0.6015634724604876,0.22481574142049632
0.6023287060331748,0.22451671497418973
0.6024806659217041,0.2242168026917517
0.6026225897800428,0.2238999859388088
0.6035058213067311,0.22325571009335313
0.6043751184906119,0.22270687582200324
0.6052719846238821,0.22254072726733568
0.6054663099283303,0.2219544576851354
0.6064068272456945,0.22187153665166218
0.6064469770068613,0.2213431402332906
0.6073800989028859,0.2210845622763176
0.6075804720167799,0.22099848139980383
0.6077011175544227,0.22053005083457522
0.6083176578678703,0.2202074481031775
0.6088144781618273,0.2200855501209202
0.6088587673830798,0.21992330298689033
0.6094774736188445,0.21960184613915648
0.610133972996706,0.21909535437477004
0.6111818170885482,0.21876425542027678
0.6115236586109826,0.2181749111278016
0.6119374222997664,0.21784212672805867
0.6122714172685034,0.2176539316510958
0.6129590771944033,0.21718563559866458
0.6131728218800192,0.21708940874915358
0.6143236815223193,0.21676532010779567
0.6163678722677112,0.21614243565674113
0.6165649281587221,0.2152792622055207
0.6165684808442193,0.21525776058153326
0.6167238841137865,0.21479661438664474
0.6177818196752808,0.21429740981194087
0.6180428955170364,0.2142798445598867
0.6181830353893641,0.21390190339976306
0.6183068754714134,0.21379860651826404
0.618640494695484,0.21358655367437818
0.6189596569191875,0.21355041904789107
0.6193495004947269,0.21330925040577725
0.6194974205055139,0.2131557659883754
0.6211703813839915,0.21217104256657288
0.621444248167409,0.21190051625873313
0.6217120949289461,0.21161462533621936
0.6223917214280698,0.21116740033432316
0.6229256264699158,0.21105177268281497
0.6234538557336233,0.2106412945286718
0.6235511894954455,0.2106078536516991
0.6241776443280086,0.21016892346071336
0.6247089957216142,0.20980884684432835
0.6260714689562821,0.20883309645046425
0.6276391400493209,0.20792317643525418
0.6283712188945444,0.20738370640150833
0.6293323461149123,0.20681996938973474
0.6304249451504231,0.20605027736495654
0.6310771058090308,0.20571653209590235
0.6311200758086012,0.20567600664345922
0.6318857163721925,0.20516396036148726
0.6326309014795215,0.20483171723148264
0.6350317855806479,0.20328718762726194
0.6355179719310043,0.2032852237416467
0.6358366135310851,0.20324640712000103
0.6380202843893055,0.20159375214491518
0.638632637552985,0.20132069795263818
0.638803142233316,0.2009155156316621
0.6398074200153803,0.20044578694194148
0.6411510071760091,0.19940323228069995
0.6423441113559953,0.19898694132062908
0.6425190003306605,0.19866865449884946
0.6431054189330114,0.1983217496902833
0.6434385646502726,0.19820732308747505
0.6438078203977241,0.19804207697313164
0.6439426128417244,0.19768805193406896
0.6440858632718629,0.19754913065860083
0.6444220025577402,0.19746735199710894
0.6463918270267337,0.19652680183568388
0.646545193660639,0.1960574480747208
0.6466719404528877,0.19600618133224257
0.6468836778599533,0.19578822398425724
0.6476337127233547,0.19537739444134625
0.647957305586592,0.19514817368838977
0.6489306383137239,0.19455273902851453
0.6499242925070532,0.19397480463362526
0.6523473209269152,0.19240348405373375
0.6528824212049897,0.19212581230306752
0.6544978188831593,0.19110345905263126
0.6551289600628745,0.19100675888033147
0.6551732721268145,0.19064784198827397
0.6556365441291705,0.1905521707732374
0.656207165791737,0.1900415408298326
0.6565480137995062,0.1898948618343278
0.6566226216072697,0.18979870440404728
0.6569962106277855,0.18961842801577142
0.6570796696207069,0.18947311846830675
0.6574222872771653,0.18926872903566497
0.657523586357916,0.18923552911592936
0.6577760714572085,0.18921851825213862
0.6587052722002772,0.18860926169360678
0.6588289690159506,0.18851571244395807
0.6598206989612182,0.18847236512113155
0.6600487202451313,0.1877944483531193
0.6603436509110636,0.1875046150246828
0.6608711396046709,0.18716412092143123
0.6615507492289247,0.18675062073309193
0.6619012366278753,0.18663873623432256
0.661953848461051,0.18658657809637758
0.6620406369598142,0.18657827129991988
0.6625726544866772,0.1863886522644113
0.662901707025447,0.18617606335029904
0.6630463084875263,0.18609851089184562
0.6633494681784309,0.18594824286670555
0.6638059558098329,0.18553197194725501
0.6641007929098872,0.18535744019548353
0.6644144992968412,0.18493852125956178
0.6653164863883244,0.18447220098122366
0.6658181823971454,0.18420527153782157
0.6683326277853416,0.1828339908744802
0.6690951361920722,0.18270947317857916
0.6693168515606237,0.18204622982553792
0.6699428151066439,0.1819063426753844
0.6707557970760194,0.1818824824793877
0.671379589914476,0.1809260646041832
0.6719252034286829,0.18084279646055107
0.6722187545109903,0.18053499761368302
0.6732740775449083,0.17959536263573045
0.6745218280609091,0.17880249467001047
0.6745945622939098,0.1787749001479469
0.6751712489503459,0.17858244452700076
0.6755462917209106,0.17817011795323562
0.6760142379974627,0.1781549142886182
0.6774978718432261,0.176999293797359
0.6786832520215247,0.1762980183254003
0.6800391585389896,0.175626889434231
0.6801655979500282,0.1755771098612818
0.6814653248627045,0.1747669537477789
0.6817839155842499,0.17437853698717945
0.6819492097365016,0.17430925979027195
0.6832697559654001,0.17416450857107502
0.6839617938652821,0.17372834017816807
0.6842629493810104,0.17317461911011264
0.6842677824588383,0.17294189248272424
0.684728988608932,0.17274870938326634
0.6858282627401049,0.1722134780895517
0.6858984915841138,0.17218735093467027
0.6860838757491401,0.17209333487166684
0.686153339261437,0.171732736966753
0.6870948967992305,0.17117100940768212
0.6872468282344293,0.17109187640379034
0.6882337041892438,0.17049639067223918
0.6884992127022858,0.17036389155120288
0.6886621439743777,0.17022062559618484
0.6887266193444499,0.17020344959492453
0.6891968800099018,0.17000412263198358
0.6900828837053914,0.16963137382711055
0.6904719135038109,0.16938745215268486
0.6908403117873937,0.16913226329398606
0.6921764525088132,0.16812702600933796
0.6929367615954081,0.16776982501510845
0.6936624076742961,0.16726158047646386
0.6939809941565419,0.1670378613104778
0.6951407746906908,0.16651453586926154
0.6958775328724973,0.16606964685886808
0.6972200280604274,0.16517989166803956
0.69946836617174,0.16398323391227032
0.6999251758762157,0.1634751234461296
0.7001880191035073,0.16326897207888008
0.7002684785147817,0.16323153124160264
0.7019458549164791,0.1626360047146114
0.7025952945647923,0.16204312436906526
0.7045611998865615,0.16073604459482488
0.7053566143067622,0.1604123146984517
0.7054701228788384,0.16011426174313972
0.7063941998051162,0.15960450293207312
0.7067492140778739,0.15950144300790067
0.7070450201087614,0.15948279715144975
0.7073032307416719,0.15922252756143604
0.7087976734041743,0.1582295508427328
0.709166546236231,0.15798566857815807
0.7093944248248769,0.1578746324858076
0.7102786813778662,0.15733987549471934
0.7112423085603425,0.15680723521833617
0.7120553569268074,0.1564107701563554
0.7123530150418794,0.15601691920274485
0.713378897642712,0.1555553402656877
0.7142559500657638,0.15498738875468376
0.714324832479758,0.1549405791081907
0.7148914901401949,0.154871536194747
0.7154257024456117,0.15421174837548599
0.7163526250575971,0.15373456223229728
0.7173950223697502,0.15306409076380945
0.7178842816420578,0.15300750980636454
0.718042554427113,0.15271638071766663
0.7180879264215609,0.15271015221266301
0.7184798437703614,0.15251675707650142
0.7188625016672107,0.15239152513678722
0.7190615375232855,0.15211528577009636
0.7193297697680956,0.151950635823071
0.7205222727099294,0.15165857440159838
0.7212685767016797,0.1508420680873385
0.7213210084337608,0.1508138963565609
0.721836514807288,0.15042558558358893
0.7229801121219099,0.14990467469017044
0.7232989223598807,0.14960938274869298
0.7237188618493171,0.14953721016840107
0.7237436291446478,0.1494707476583128
0.7245512672910345,0.14936741653260668
0.7250418848990732,0.14887874021554867
0.7254740894528624,0.14860791847415789
0.7266917329416487,0.1480464590924398
0.7274000624133365,0.14731338772412667
0.7276210861544479,0.14724232820685265
0.727759693082612,0.14705828270490828
0.7283074029767918,0.14679920872884175
0.7293844700224426,0.14616255412198023
0.7302334869786105,0.14572211594618062
0.7304824633239428,0.14545844882020315
0.7307363340750028,0.14533609370969847
0.7307453075023125,0.1452652502814139
0.7315860220948541,0.14488284688061498
0.7326195156789252,0.14416857874445832
0.7329367545619457,0.14405814720081916
0.7331101245191383,0.14388307187566404
0.7340121083586691,0.14377907658232958
0.7347990870675727,0.14342293920187862
0.7350476892517694,0.14282938044999594
0.736417355843097,0.1419927913153378
0.7370510470951137,0.14196835623731544
0.7373959450563183,0.1415953901670837
0.7375318400283932,0.14130404104780203
0.7386470168316946,0.14064738859353643
0.7398463695087861,0.14047167451497977
0.7401408953468166,0.14036643239982594
0.7407054813526694,0.13976464188775606
0.7408877257423464,0.1393623715641915
0.7418826756064587,0.13901843289964158
0.7420046197280544,0.13889565377628155
0.7423084122095038,0.13863970304484605
0.7424430695340295,0.13850514230710884
0.7427528873859403,0.1384985383689941
0.7432449969592366,0.13803096928198316
0.7434748567420219,0.1379891466666914
0.7445615922008957,0.13732232537001382
0.7447609842669909,0.13710500052299307
0.7455324850702367,0.1366506966827184
0.7456485212242314,0.13664938382733333
0.7457390648162876,0.13663475084834084
0.7465609785117339,0.13632019740801105
0.7470603203373827,0.1358444747258352
0.7471640380186886,0.1357288610803833
0.7474708469095377,0.13572586279410026
0.7479133033492341,0.13569653098767573
0.7488972051708613,0.13481007238566348
0.7497105326091318,0.13443205879378614
0.7502158813578705,0.1340777059483215
0.7510170073957013,0.13376732274322034
0.7511736380165188,0.1336462404093366
0.7520553262613066,0.13292095398904363
0.7529054462406441,0.1324382102975853
0.7531737480420313,0.13220177704290048
0.7533173915132858,0.13214105790183797
0.7535444871321497,0.13206467403784633
0.7549917035020451,0.13141109512077026
0.755079499114605,0.13114574655683528
0.7551919190373745,0.13113391955838896
0.755195146227541,0.13108974452024205
0.7557423928333133,0.13081295091091164
0.7562094074855467,0.13056249739522682
0.7565055475975195,0.1303635601195531
0.757700828837822,0.12965344669145532
0.7580421713029801,0.12946519060335096
0.758167351408273,0.12937211577292426
0.7581793383935375,0.12934275502986117
0.7587768557706882,0.12904115206672406
0.7603756408114178,0.12837728277487598
0.7617643136371635,0.1281440952894237
0.7617934134683956,0.12790936054590696
0.762983237647276,0.12665050332517644
0.7632419038687657,0.126494701613029
0.7649057775247983,0.1257628368239456
0.7651242609153158,0.12572088616991858
0.7654196675484212,0.1256381023269228
0.7655609568009062,0.12513815193833314
0.7672643483304851,0.12412160347262283
0.7686795758101437,0.12338276783851813
0.7705435012506403,0.12280623302581152
0.7722566400405004,0.12133138372783418
0.773157617318198,0.12086404408841776
0.7737110128493356,0.12054917158609928
0.7738781561769864,0.12048499464569903
0.7745074976024647,0.12039797296511162
0.7756364877774766,0.11965741909713083
0.7757846197034413,0.11943849311584481
0.7758298662371178,0.11941522278920515
0.7759164139801004,0.11921947429236597
0.7761873372210564,0.11910036707715631
0.7763361404123275,0.11908970427962967
0.7766172174143866,0.11885057867974105
0.7780887370435171,0.11819341123626892
0.7793762354135876,0.11740268708375012
0.7800772667615166,0.11713912315199825
0.7806954213367938,0.11656183730370927
0.7824194765299057,0.11569672620298103
0.7833428928512023,0.1154272888063644
0.7837630401840845,0.11491525585424886
0.7839655484614321,0.11478989604475286
0.7843679463941375,0.11460160726220062
0.7844121928978218,0.11439457739375568
0.7849646383437311,0.11415394367053223
0.7855592810100829,0.11391196795245542
0.7877820181558037,0.11314797215644644
0.7879793855873654,0.11239520940777485
0.7886171836430452,0.11211170523663756
0.7887729438315798,0.11208416531640301
0.7891329916795711,0.11180257089427738
0.789949411012163,0.11146834775983085
0.7905176908827789,0.11130313532370398
0.7911619227188854,0.11116172440409375
0.7913063324454123,0.11106051779658745
0.7914807710739059,0.11065111823228328
0.7924085706893241,0.11058103383039036
0.7925022870242169,0.10999568351865835
0.7930425912434786,0.10963306269930627
0.7933169021259513,0.10952814395270603
0.7944732156832601,0.10877791662459094
0.7945677695635487,0.10875525938650099
0.794872481491499,0.10859276629025222
0.7957230758151961,0.10810397979329746
0.7966470785509268,0.1079244078285763
0.7968778789342241,0.10786260350077527
0.7975467323645384,0.10737998710142041
0.7979084424312138,0.10683896854560722
0.7990526597750027,0.10638920793584766
0.7998733090864134,0.10611675263884109
0.8005477326515017,0.10575000129159746
0.8009416265498663,0.10513307212530332
0.8011543252225843,0.1050951828787677
0.8023053762104644,0.10442694272749566
0.8023157528231363,0.10436668082193633
0.8027490320110717,0.10435704238447528
0.8028014278642219,0.10404480847262734
0.803277212504882,0.10391252291603983
0.8047464357179266,0.10317020533922099
0.8057046859739027,0.10276286195204694
0.8057585215693785,0.10244658469056152
0.8059588765452339,0.10237377767594032
0.8061810912252545,0.1023206493432686
0.8075982563717822,0.1018878513797282
0.8077138840598894,0.10173432689338437
0.8078139494049253,0.1014304673625829
0.8078958973963043,0.10138103497293387
0.8100542545133187,0.10019333868122379
0.8108920673124873,0.10005579819588672
0.8109569933019378,0.09982726842415532
0.8112462190485691,0.09938388815818337
0.8116297725291933,0.09927932962976777
0.8117478536825652,0.09920125065414902
0.8128079537033309,0.0987760453230666
0.8151618255600572,0.09761719728518752
0.8153915761172791,0.0971741228283695
0.8156147869114262,0.09713265177131328
0.8174094341262765,0.09609080357428673
0.8178285042561623,0.09584572562873585
0.8188696231551628,0.09537204196546664
0.8194886767023492,0.09492537012854778
0.819568810886237,0.09484232393390608
0.8198720097127187,0.09466349350242895
0.821378908233513,0.0944209507584573
0.8214899747161938,0.09376328901967947
0.8221026720046241,0.09368311402304223
0.8231853167460413,0.09350370349950358
0.8232114322351217,0.09298079298718913
0.8247529154200812,0.0927383822682448
0.8249284023012745,0.09203444153103169
0.8262616110544988,0.09126123693488304
0.8266608101786626,0.09116361053478064
0.8271057000357337,0.09076289454936327
0.8275776393131966,0.09053926112838018
0.8278333712900506,0.09020066803295007
0.8284801130741858,0.08986524175053462
0.8288087662084482,0.0897595129452188
0.8296561945584293,0.08975709008972647
0.8301359621801419,0.08897880437247942
0.8316226968040824,0.08838055271620636
0.8320636352607125,0.08801425342901051
0.8324394296931108,0.0876987710204453
0.8326851074132596,0.0876627968231069
0.834415178944342,0.08665296472262365
0.8347996868448069,0.08646882020889962
0.8357332583896679,0.08615068740386564
0.8367761842345975,0.08550579341024275
0.8379087822088632,0.085173171971935
0.8379826916245303,0.08476755551059453
0.8384330931276569,0.08450851617392216
0.839002821620485,0.08417142333872586
0.8398749358684641,0.08396588879171869
0.841119687844787,0.0830454080126059
0.8417845045188798,0.08275127768253261
0.8418805274317114,0.08270533293826632
0.843438735456392,0.08196386652002825
0.8435069672023877,0.08194295737761485
0.8438849405094342,0.08147509317268924
0.8454157098613995,0.08072141530046897
0.8454828006458439,0.08066660851322408
0.8471944032309552,0.07984698542735784
0.8474101483145424,0.07974178602617485
0.8475181454583672,0.0795559371510939
0.8476263751676401,0.07946549574824946
0.8487134642782503,0.07885670717141503
0.8494462200557533,0.07857280022791845
0.850745762959596,0.07774251710659713
0.851822119983933,0.07742666588532197
0.8538843037633295,0.076044184766451
0.8551293687122759,0.07552925099153254
0.8552377598938303,0.07547261528061572
0.856807196009983,0.07536560234530161
0.8575603005448529,0.07423187097627018
0.8579132755938,0.07422209666124087
0.8592976861557583,0.07381755744490591
0.8600513285413928,0.07266466823589457
0.861803203371744,0.07178961734965689
0.8621821455978904,0.07152374826251658
0.862480772432479,0.07137066587664628
0.8634488965753822,0.07090248461582081
0.8645483533535936,0.07052923636231545
0.8656855386627448,0.06993544602441319
0.8660065830937049,0.06975123189263024
0.8667497873465759,0.06927489319565873
0.8675358403122251,0.06883175652157518
0.8678166939145816,0.06865956142297223
0.8683387405694393,0.0683625113140482
0.8691350707665262,0.06832548219010258
0.8695503343126624,0.06761598105725354
0.8703756463499266,0.0673328010288987
0.87244376515798,0.06618652164110292
0.8728326314362629,0.06615096601213566
0.8733132371119778,0.06568961633781828
0.8734396461719989,0.0655356978478258
0.8737908481834235,0.06545480932761903
0.8744700166925897,0.06541197488509845
0.8755973282659576,0.06478594108404045
0.875626186824348,0.0643619614035002
0.8761435494042639,0.06418818383905087
0.8762488530833347,0.06409559961077214
0.8766547890844785,0.06383997769220336
0.8772584909427645,0.06346154931700461
0.8782363962911885,0.06294243665397979
0.8796534717400795,0.06256408471807119
0.8808642905119084,0.06237225198009012
0.8811616411008576,0.06136051464374434
0.8819415982866,0.061273477514430394
0.8829061240055815,0.06042781120017314
0.8835457762688819,0.060409036156564566
0.8839968712956738,0.059983807156460324
0.8865074429118415,0.058592960228797196
0.886917849810234,0.05834096756901706
0.8879351841673058,0.0581991170551429
0.8887977138880456,0.057860593060694986
0.888848239904492,0.057346003001190055
0.8897607068122901,0.05707628957235038
0.890914803293001,0.05644275495110866
0.8912452895637959,0.056393286673639596
0.8925749543569401,0.05543633420274689
0.8940648245415991,0.05455188938467753
0.8941681749233672,0.054495204208078955
0.8942954435370605,0.05444678680489161
0.8952676141271918,0.05410144555585811
0.8953878324173579,0.053823342275750516
0.8962778914277065,0.0535186398610835
0.8962977891463451,0.053402251020424556
0.8963395486731424,0.0533081553863013
0.89711711768979,0.05290594919521116
0.8973473408568324,0.0528985977098257
0.8978382517101313,0.05269844740306063
0.8980142227437702,0.05244718094045091
0.8983930543769473,0.05231011896710769
0.8984341058186703,0.052283570386187334
0.8992453910130196,0.051965353674007723
0.8998493017836033,0.051485285035830414
0.9005889379964845,0.05107515392317614
0.9012848759701696,0.05074404599438568
0.9014399628743054,0.050658905589223494
0.9030424941031134,0.05028324490723329
0.9048273150918664,0.04976492425225942
0.9048914788736231,0.04929455321636624
0.9052489479698265,0.04858566101225433
0.9056294242254902,0.04845706296913838
0.9080871231573715,0.047157888692287174
0.9093564436712653,0.04692777527873601
0.909718244441414,0.04678606519803401
0.9104424914908207,0.046374919321841825
0.9109572609005205,0.045690761892319444
0.9115888223370271,0.04535585984637165
0.9117263955256685,0.04534872064247195
0.9120637136619979,0.04509899913830256
0.9123929924602738,0.04492118151280259
0.9136473719111549,0.04467168701110753
0.9139898768122982,0.04449355464328856
0.9148765259009446,0.04361163633709953
0.9159566529312272,0.04305015911571561
0.9161232809304418,0.042959483144375435
0.916927683177583,0.042949225151765226
0.9174474784437421,0.04230653871130982
0.9181058003697464,0.04210388351468017
0.919021040343967,0.041445204147970746
0.9194989444220427,0.04134101674503753
0.9216733998400531,0.04017510255170309
0.923085677757256,0.040118379702946565
0.9232351477018373,0.03923435716792756
0.923265213785539,0.03922240438517137
0.9238015283064425,0.03905057895192651
0.9238663581392391,0.038909519182243564
0.9243228802986418,0.03888799311493058
0.924948806576074,0.03835117621051446
0.9251265917371462,0.03826605791815987
0.9257238465873031,0.03795849140863425
0.926406255930883,0.03761584444135197
0.9266177063466335,0.03754588775962683
0.9274161426162778,0.037158652232695474
0.9294127503920301,0.03644967880039218
0.9303708815474729,0.03554489117288288
0.9307926931916622,0.035425264842913064
0.9323162737702075,0.03519645713950267
0.9325843572177751,0.03470338947600067
0.9330482712258468,0.0341663044012389
0.9333713682759585,0.03415644112821678
0.9337186582729885,0.03377830487852504
0.9353210392184956,0.03295711087226615
0.9356634527853603,0.032780541276547746
0.9358720846473378,0.03267492685302732
0.9363510363097564,0.032415798420157745
0.9370136485344611,0.03220146970126879
0.9373238902477037,0.03204302728937368
0.9382427108988672,0.03181267863736751
0.9384163255206213,0.031533633895861696
0.9389883851125709,0.03149155929307009
0.9394780006084397,0.031115237788979032
0.9417202157490909,0.030120423875869776
0.942461166592806,0.029307724682257428
0.9431691981317848,0.02893653564249929
0.9434455670645387,0.02876098810816876
0.9445085937129158,0.028224026131207707
0.9450829378416848,0.028009438381029594
0.9452620504498377,0.02796201865717899
0.9456228503727302,0.027599093438551665
0.9465306068500593,0.0272512068357749
0.9481950001131879,0.026474402662046245
0.9485448130970806,0.026183721660591075
0.9489464372692664,0.02601762546417966
0.9498396022295263,0.025562902830623332
0.9503414495950064,0.025335226961518503
0.9503548303617652,0.025293217177353982
0.950415073507001,0.02523630745023426
0.9511814234409666,0.025074565493231518
0.9518433536747306,0.0246164867364837
0.9520493698018184,0.024550106229106788
0.9526727612395023,0.02422169555903279
0.9529309220367348,0.023925609169348726
0.9535187842476376,0.02380886572075003
0.9536794282447506,0.023695814963706298
0.954871362226074,0.022995169565233987
0.9555559657190542,0.022905717778220924
0.9556060034499172,0.022718495543280346
0.9565444362073712,0.022422377004401084
0.956834788212888,0.022258561043157116
0.9568422894908861,0.02222307258468638
0.9572105359230406,0.021692852058755683
0.9574057322149871,0.021651843967460935
0.9588576245953322,0.020972874655204796
0.9589104431147581,0.020908114730297783
0.9592425009260949,0.02077887108371432
0.9600407030956983,0.020376993733385397
0.9605955742117147,0.020148375507154547
0.9608500081588802,0.0198435386917943
0.9610538738935016,0.01974209936846638
0.9628467023519475,0.0188573561704879
0.9634888971267194,0.0185996426583981
0.9652127036181739,0.018069736382589147
0.966121298290995,0.017624987728090256
0.9665438030574225,0.017078415557605846
0.9666722631043304,0.016953742469590083
0.9676933927598139,0.016605382059938806
0.9678065885266535,0.016316160256120794
0.9684562315411771,0.01602084670252042
0.9689834915438406,0.01592953827198945
0.9689889154383593,0.015748045767527898
0.9700148906984735,0.01533367100116305
0.9700748831121078,0.015192436314450025
0.9713713569606993,0.01468357819776762
0.971533136049102,0.014428962932012639
0.9716516327403497,0.014368289861846874
0.9730200861931239,0.014188103627162559
0.9731640085477375,0.013585004233409506
0.9733831785307576,0.013484257821006153
0.9739806852615354,0.013302191463546935
0.9740057024222227,0.013173585355693466
0.974158495845842,0.013082357376333847
0.9741843884330458,0.01307723317434056
0.97471339257827,0.013051844014625136
0.9748124228429133,0.012732231164020903
0.9751794896720715,0.012669089424421048
0.9754658197861799,0.012640051143086155
0.9757078335370704,0.012530584502758095
0.9767528557109326,0.012146289361779507
0.977046600595945,0.011897851551199861
0.9773515586469776,0.011499907775381285
0.9782106053918216,0.011090264459090044
0.9789041030775585,0.010894143896790253
0.9795331794064951,0.010388203055354626
0.979734658394517,0.01037224889220572
0.9803469331352057,0.010253541957923438
0.9803711537308302,0.009923542946970627
0.9807666519265261,0.009915800444967303
0.9821048386375179,0.00919274402052063
0.9824112881665121,0.00892645927590908
0.9837642396015702,0.008391545452552267
0.9840183756853341,0.008140017797132887
0.9845779338097886,0.0080761743565795
0.9856490013157171,0.007354186857073183
0.9858571726597953,0.007302300270148377
0.98630894882203,0.007183001059190592
0.9873544641976968,0.006551452166457594
0.9873755250293028,0.006387240482909557
0.9881754736343136,0.006029810166654857
0.9881947552738999,0.006019324051241949
0.9882483732413089,0.006000864117038708
0.9887742534480243,0.005992847888178541
0.9899229680729223,0.005146381670676447
0.9902115543443382,0.005143380737391759
0.9912341593147479,0.00479173934940417
0.9914905989704742,0.0043518842092502424
0.992245571806921,0.004313552916486506
0.9924346998533214,0.004219546575910268
0.9929186601515247,0.00366829951815505
0.9933030445685258,0.003474161397120313
0.9940764783310163,0.003464325596825035
0.994403494385836,0.002933120373094863
0.9951094184563268,0.0028538125133826405
0.995261496891992,0.002552571113015886
0.995575443021326,0.002491814655466343
0.9957273731569031,0.002319355519092743
0.9962988848386597,0.002198326272435154
0.9964489575241273,0.0020828918903838577
0.9965860271824765,0.001780620187539092
0.9970100776815544,0.0016253917766354887
0.9987069267661135,0.0008419557440120248
0.9987814725126284,0.0006813565692780808
0.9994938731895603,0.0004383411669986593
0.999514991329141,0.0003380372121088672
0.9999562052762936,0.00019704922970427183
0.999989894748875,5.729038347490011e-05
